gen number,max_steps
94,5
98,5
99,5
64,5
87,5
70,5
3,4
50,6
86,5
45,6
54,6
43,5
24,5
82,5
77,5
0,4
61,6
13,4
44,6
4,4
49,6
35,5
91,5
53,6
31,5
56,6
95,5
72,5
73,5
40,5
48,7
59,6
81,5
100,5
20,4
29,5
25,5
32,5
71,5
1,4
14,4
68,5
10,4
63,5
92,5
78,5
60,6
33,5
7,4
69,5
37,5
18,4
11,4
15,4
84,5
58,6
16,4
36,5
74,5
42,5
79,5
76,5
27,5
12,4
19,4
9,4
66,5
85,5
52,6
89,5
28,5
2,4
17,4
5,5
21,4
41,5
55,6
23,5
34,5
38,5
62,6
96,5
57,6
39,5
22,4
65,5
30,5
6,4
51,6
93,5
88,5
97,5
83,5
80,5
46,6
26,5
67,5
90,5
8,4
75,5
47,6

